Position[cm]	Wave at 1 sec	Wave at 3 sec		
0.1	4.78954790047778E-11	0
0.2	7.39227859934509E-11	0
0.3	1.13638358930083E-10	0
0.4	1.73994052209897E-10	0
0.5	2.65342412864281E-10	0
0.6	4.03034076695331E-10	0
0.7	6.09732975305802E-10	0
0.8	9.18756491360566E-10	0
0.9	1.37887208732131E-9	0
1	2.06115362243856E-9	0
1.1	3.06873626548941E-9	0
1.2	4.55063069183233E-9	0
1.3	6.72119413188929E-9	0
1.4	9.88744565699232E-9	0
1.5	1.44872048677205E-8	0
1.6	2.11420899298011E-8	0
1.7	3.07308131512657E-8	0
1.8	4.44900619358385E-8	0
1.9	6.41526780544063E-8	0
2	9.21360083456613E-8	0
2.1	1.31797392346717E-7	0
2.2	1.8777901831051E-7	0
2.3	2.66471111191145E-7	0
2.4	3.76630965597407E-7	0
2.5	5.30206120182429E-7	0
2.6	7.43423476261172E-7	0
2.7	1.03822295854486E-6	0
2.8	1.44413504557528E-6	0
2.9	2.00072688686779E-6	0
3	2.7607725720372E-6	0
3.1	3.79434028565608E-6	0
3.2	5.19403347400285E-6	0
3.3	7.08167568209869E-6	0
3.4	9.61679027700053E-6	0
3.5	1.30072976540676E-5	0
3.6	1.75229343631352E-5	0
3.7	2.35119912734678E-5	0
3.8	3.14220714360773E-5	0
3.9	4.18256822169611E-5	0
4	5.5451599432177E-5	0
4.1	7.32230716633572E-5	0
4.2	9.63040677170346E-5	0
4.3	1.26154905170323E-4	0
4.4	1.64598727601045E-4	0
4.5	2.13900415367662E-4	0
4.6	2.76859610930212E-4	0
4.7	3.56919604151784E-4	0
4.8	4.58293843445019E-4	0
4.9	5.8611180093864E-4	0
5	7.4658580837668E-4	0
5.1	9.4720027832011E-4	0
5.2	0.00119692441471688	0
5.3	0.0015064490802475	0
5.4	0.00188844790797898	0
5.5	0.00235786200649023	0
5.6	0.00293220669850158	0
5.7	0.00363189764530118	0
5.8	0.00448059244101662	0
5.9	0.00550554231769636	0
6	0.00673794699908547	0
6.1	0.00821330400344857	6.65315963745277E-289
6.2	0.00997174186137647	6.64926805893987E-288
6.3	0.0120583248338114	6.618850333885E-287
6.4	0.0145233148527069	6.56227010901535E-286
6.5	0.0174223746394935	6.48020083735579E-285
6.6	0.0208166943753059	6.37361243633863E-284
6.7	0.0247730230033142	6.24375220966482E-283
6.8	0.0293635843476993	6.09212055753433E-282
6.9	0.0346658578510765	5.92044213649974E-281
7	0.0407622039783662	5.73063324357108E-280
7.1	0.047739315321241	5.52476628603334E-279
7.2	0.05568747626327	5.30503225597664E-278
7.3	0.0646996168137854	5.07370215567413E-277
7.4	0.0748701499452598	4.8330883166013E-276
7.5	0.0862935864993705	4.58550652217025E-275
7.6	0.0990629274467473	4.33323978450196E-274
7.7	0.113267839935589	4.07850454188517E-273
7.8	0.128992631036519	3.82341994010551E-272
7.9	0.146314041224636	3.56998074202532E-271
8	0.165298888221587	3.32003428071719E-270
8.1	0.186001600586909	3.07526173711839E-269
8.2	0.208461689089631	2.83716388851417E-268
8.3	0.232701212061571	2.60705134395957E-267
8.4	0.25872229825964	2.38603916111962E-266
8.5	0.28650479686019	2.17504562954544E-265
8.6	0.316004128691862	1.97479491099736E-264
8.7	0.34714941532451	1.78582315007022E-263
8.8	0.379841962851379	1.60848760935868E-262
8.9	0.413954174871274	1.4429783431194E-261
9	0.449328964117222	1.28933190156676E-260
9.1	0.485779724303885	1.14744655356942E-259
9.2	0.523090913102501	1.01709852705152E-258
9.3	0.561019283842171	8.97958791859907E-258
9.4	0.599295787845539	7.8960994692111E-257
9.5	0.637628151621773	6.91562819652972E-256
9.6	0.675704113960626	6.03272438279711E-255
9.7	0.713195287898282	5.24153094369071E-254
9.8	0.749761592239041	4.53592271206286E-253
9.9	0.78505617755183	3.90963271381491E-252
10	0.818730753077982	3.35636432330764E-251
10.1	0.850441204540233	2.86988869994183E-250
10.2	0.879853379144644	2.44412737044324E-249
10.3	0.906648903753921	2.07322022455808E-248
10.4	0.930530895811206	1.75157953019351E-247
10.5	0.951229424500714	1.47393084562246E-246
10.6	0.968506582079197	1.23534191194534E-245
10.7	0.982161032358301	1.03124075166816E-244
10.8	0.992031914837061	8.57424283944998E-244
10.9	0.998001998667333	7.10058800023776E-243
11	1	5.85673630886852E-242
11.1	0.998001998667333	4.81149290665439E-241
11.2	0.992031914837061	3.93701301814253E-240
11.3	0.982161032358301	3.2086080877418E-239
11.4	0.968506582079197	2.60452972892156E-238
11.5	0.951229424500714	2.10574019012407E-237
11.6	0.930530895811206	1.69567678884718E-236
11.7	0.906648903753921	1.36001652934033E-235
11.8	0.879853379144644	1.08644593698802E-234
11.9	0.850441204540233	8.64440041631372E-234
12	0.818730753077982	6.85053442591474E-233
12.1	0.78505617755183	5.4072550229441E-232
12.2	0.749761592239041	4.25100948929638E-231
12.3	0.713195287898282	3.32866521942978E-230
12.4	0.675704113960626	2.59603763395143E-229
12.5	0.637628151621773	2.0165763608784E-228
12.6	0.599295787845539	1.56020326312482E-227
12.7	0.561019283842171	1.20229354084763E-226
12.8	0.523090913102501	9.22789550588296E-226
12.9	0.485779724303885	7.05436041109119E-225
13	0.449328964117222	5.37125093760064E-224
13.1	0.413954174871274	4.07339065611463E-223
13.2	0.379841962851379	3.07680168862757E-222
13.3	0.34714941532451	2.31475893804919E-221
13.4	0.316004128691862	1.73450220500576E-220
13.5	0.28650479686019	1.29451403955835E-219
13.6	0.25872229825964	9.62280079943401E-219
13.7	0.232701212061571	7.12457640674136E-218
13.8	0.208461689089631	5.25387121786559E-217
13.9	0.186001600586909	3.85889196555913E-216
14	0.165298888221587	2.82298544591538E-215
14.1	0.146314041224636	2.05692037518419E-214
14.2	0.12899263103652	1.49275709250017E-213
14.3	0.113267839935589	1.07900542572367E-212
14.4	0.0990629274467473	7.7682096125872E-212
14.5	0.0862935864993705	5.57033180255278E-211
14.6	0.0748701499452598	3.97835942184456E-210
14.7	0.0646996168137856	2.83002185928849E-209
14.8	0.0556874762632699	2.00511084347958E-208
14.9	0.047739315321241	1.41497837708628E-207
15	0.0407622039783662	9.94544094582942E-207
15.1	0.0346658578510765	6.96243421526914E-206
15.2	0.0293635843476994	4.85468425095315E-205
15.3	0.0247730230033142	3.37150411860246E-204
15.4	0.0208166943753059	2.33211102753749E-203
15.5	0.0174223746394935	1.6067102808725E-202
15.6	0.0145233148527069	1.10252575852031E-201
15.7	0.0120583248338115	7.53533802560777E-201
15.8	0.00997174186137645	5.12955339972419E-200
15.9	0.00821330400344857	3.47791684160669E-199
16	0.00673794699908547	2.34866812652782E-198
16.1	0.00550554231769633	1.57974480761594E-197
16.2	0.00448059244101663	1.05831521816225E-196
16.3	0.00363189764530118	7.06164640975713E-196
16.4	0.00293220669850159	4.69309900939014E-195
16.5	0.00235786200649023	3.10653525997917E-194
16.6	0.00188844790797897	2.04812132849304E-193
16.7	0.0015064490802475	1.34492446934583E-192
16.8	0.00119692441471688	8.79635872723023E-192
16.9	9.47200278320115E-4	5.73021333838092E-191
17	7.4658580837668E-4	3.71793225705613E-190
17.1	5.86111800938637E-4	2.4026747017661E-189
17.2	4.5829384344502E-4	1.546504902007E-188
17.3	3.56919604151783E-4	9.91449158084616E-188
17.4	2.76859610930214E-4	6.33070997292535E-187
17.5	2.13900415367662E-4	4.02621728777428E-186
17.6	1.64598727601044E-4	2.55037958230543E-185
17.7	1.26154905170323E-4	1.60907118839154E-184
17.8	9.63040677170345E-5	1.01113353954716E-183
17.9	7.32230716633578E-5	6.32855554333608E-183
18	5.5451599432177E-5	3.94514979693366E-182
18.1	4.18256822169609E-5	2.44954387051114E-181
18.2	3.14220714360774E-5	1.51485047682897E-180
18.3	2.35119912734677E-5	9.33076251672015E-180
18.4	1.75229343631354E-5	5.72436511263304E-179
18.5	1.30072976540676E-5	3.49784321036422E-178
18.6	9.61679027700046E-6	2.12880642742052E-177
18.7	7.08167568209871E-6	1.29043112369189E-176
18.8	5.19403347400284E-6	7.79105567159324E-176
18.9	3.79434028565611E-6	4.68511880498961E-175
19	2.7607725720372E-6	2.80612963818449E-174
19.1	2.00072688686778E-6	1.67400856404287E-173
19.2	1.44413504557528E-6	9.94650355562534E-173
19.3	1.03822295854486E-6	5.88634931600293E-172
19.4	7.43423476261176E-7	3.4696402074937E-171
19.5	5.30206120182429E-7	2.03697488749537E-170
19.6	3.76630965597405E-7	1.19110412846569E-169
19.7	2.66471111191145E-7	6.9370784689478E-169
19.8	1.8777901831051E-7	4.02407722211419E-168
19.9	1.31797392346718E-7	2.32497789160165E-167
20	9.21360083456613E-8	1.33793239966654E-166
20.1	6.41526780544058E-8	7.66853380207801E-166
20.2	4.44900619358385E-8	4.3777738598869E-165
20.3	3.07308131512657E-8	2.4891847594479E-164
20.4	2.11420899298013E-8	1.4096904736103E-163
20.5	1.44872048677205E-8	7.95157607964484E-163
20.6	9.88744565699224E-9	4.467303867581E-162
20.7	6.72119413188929E-9	2.4997731107144E-161
20.8	4.55063069183233E-9	1.39321618843365E-160
20.9	3.06873626548942E-9	7.7339124969532E-160
21	2.06115362243856E-9	4.27605042669687E-159
21.1	1.3788720873213E-9	2.3547738498255E-158
21.2	9.18756491360566E-10	1.29157137867185E-157
21.3	6.09732975305802E-10	7.05586792251683E-157
21.4	4.03034076695334E-10	3.8392402945701E-156
21.5	2.65342412864281E-10	2.08066886987876E-155
21.6	1.73994052209897E-10	1.1231130303898E-154
21.7	1.13638358930083E-10	6.03819013839621E-154
21.8	7.39227859934509E-11	3.23335154108541E-153
21.9	4.7895479004778E-11	1.72449479494968E-152
22	3.09081874840834E-11	9.16080571613812E-152
22.1	1.98662262379856E-11	4.84694709643546E-151
22.2	1.27180356496638E-11	2.55426356468068E-150
22.3	8.10937756355492E-12	1.34068255825985E-149
22.4	5.15012566798568E-12	7.00888658544718E-149
22.5	3.25769899343511E-12	3.64951310614139E-148
22.6	2.05242314267039E-12	1.89270811792508E-147
22.7	1.28791047197301E-12	9.77676517493501E-147
22.8	8.04946966328171E-13	5.03001807291772E-146
22.9	5.01085324471648E-13	2.57754780592248E-145
23	3.10684023754345E-13	1.31554810824674E-144
23.1	1.91862006006723E-13	6.68758880336991E-144
23.2	1.18010829409416E-13	3.38606438349769E-143
23.3	7.22965488958017E-14	1.70759031665938E-142
23.4	4.41139648199945E-14	8.57699144998847E-142
23.5	2.6810038677818E-14	4.29090691270372E-141
23.6	1.62286207258359E-14	2.1380902395371E-140
23.7	9.78427392184304E-15	1.06112315374634E-139
23.8	5.87541323195481E-15	5.24527633655846E-139
23.9	3.51407521848731E-15	2.58246103338155E-138
24	2.0933724855194E-15	1.26637405248914E-137
24.1	1.24206633872965E-15	6.18519009481298E-137
24.2	7.3401662182248E-16	3.0088942341316E-136
24.3	4.32045831431229E-16	1.45788616469294E-135
24.4	2.53289137939923E-16	7.03563221904203E-135
24.5	1.47899305489271E-16	3.38178088977225E-134
24.6	8.60158579388606E-17	1.61901407485792E-133
24.7	4.98257378037971E-17	7.7200231922382E-133
24.8	2.87469499779682E-17	3.66648073868754E-132
24.9	1.65193376570942E-17	1.73437511146351E-131
25	9.45488627388655E-18	8.17145662308777E-131
25.1	5.38992609806523E-18	3.83458835174438E-130
25.2	3.06035730011973E-18	1.79225928832577E-129
25.3	1.73070990472753E-18	8.34345163810179E-129
25.4	9.74853255874293E-19	3.86859697766496E-128
25.5	5.46911475461802E-19	1.78658648970708E-127
25.6	3.05603024104999E-19	8.21783514678684E-127
25.7	1.70083067978558E-19	3.76490156911876E-126
25.8	9.42816852518678E-20	1.71795842609453E-125
25.9	5.20542764898894E-20	7.80790454891444E-125
26	2.86251858054938E-20	3.53442819606384E-124
26.1	1.56784467840318E-20	1.59355351603426E-123
26.2	8.55304151872619E-21	7.15610929171141E-123
26.3	4.64730254243006E-21	3.20073779853817E-122
26.4	2.51503558579977E-21	1.42589010282468E-121
26.5	1.35565801024476E-21	6.3268105858354E-121
26.6	7.27811606085535E-22	2.79605965305558E-120
26.7	3.8918010520591E-22	1.23075286350968E-119
26.8	2.07274133147667E-22	5.39582802113654E-119
26.9	1.09951815823448E-22	2.35617837364084E-118
27	5.80928290433269E-23	1.02475737812511E-117
27.1	3.0570706051478E-23	4.43911876459864E-117
27.2	1.60232730635905E-23	1.91529333281946E-116
27.3	8.36488203273598E-24	8.23069770823733E-116
27.4	4.34941882121828E-24	3.52290415793398E-115
27.5	2.25250342685865E-24	1.50185438512371E-114
27.6	1.16188331018208E-24	6.37701807236765E-114
27.7	5.96928601545442E-25	2.69693382767714E-113
27.8	3.05453485736928E-25	1.13601942012473E-112
27.9	1.55679204851103E-25	4.76610979396936E-112
28	7.90276278412765E-26	1.99161391446778E-111
28.1	3.99567456725955E-26	8.28913252335028E-111
28.2	2.01216733616091E-26	3.43617945055215E-110
28.3	1.0092549827747E-26	1.41874848775994E-109
28.4	5.04197318708599E-27	5.83442160869157E-109
28.5	2.50878233727044E-27	2.38975307177501E-108
28.6	1.24333528021035E-27	9.74924692296925E-108
28.7	6.1372858707343E-28	3.96142952134171E-107
28.8	3.01736098650563E-28	1.60322921932428E-106
28.9	1.47754600051429E-28	6.46252337835756E-106
29	7.20638686090139E-29	2.59460623280749E-105
29.1	3.50071662251576E-29	1.03753703760379E-104
29.2	1.69378843362464E-29	4.132364128393E-104
29.3	8.1625187347451E-30	1.63929222471419E-103
29.4	3.91788822222612E-30	6.47704623419484E-103
29.5	1.87302128931218E-30	2.54894484023344E-102
29.6	8.91859018253702E-31	9.99094802337366E-102
29.7	4.22972882236579E-31	3.90045960020474E-101
29.8	1.99798242285022E-31	1.51665810527392E-100
29.9	9.40012489424485E-32	5.87384414504108E-100
30	4.40492386649384E-32	2.26579163684162E-99
30.1	2.0559190532067E-32	8.70523184500952E-99
30.2	9.55732684083927E-33	3.33122169943408E-98
30.3	4.4251672254302E-33	1.26966618621726E-97
30.4	2.04073098326624E-33	4.81990404612965E-97
30.5	9.37356189101069E-34	1.82242663223347E-96
30.6	4.28831191201229E-34	6.86316652243358E-96
30.7	1.95402854458628E-34	2.57431591420515E-95
30.8	8.8682568479364E-35	9.61749498726391E-95
30.9	4.00874512041774E-35	3.57869690609485E-94
31	1.80485138784541E-35	1.32632723973371E-93
31.1	8.09351681340383E-36	4.89597602550325E-93
31.2	3.6148969456813E-36	1.80007540456952E-92
31.3	1.60811606485097E-36	6.59181386330194E-92
31.4	7.12527584704271E-37	2.40426312206602E-91
31.5	3.14447970476528E-37	8.73417474633413E-91
31.6	1.38216131014357E-37	3.1602728520734E-90
31.7	6.0510604263959E-38	1.13891183570605E-89
31.8	2.63856058041836E-38	4.08807122816919E-89
31.9	1.14594948025503E-38	1.46153635951308E-88
32	4.95708876940916E-39	5.20431549074786E-88
32.1	2.13575160975425E-39	1.84578210068604E-87
32.2	9.16510850022115E-40	6.5201872215111E-87
32.3	3.91730422592491E-40	2.29404812582768E-86
32.4	1.66763043854258E-40	8.039106920553E-86
32.5	7.07090737145261E-41	2.80592402244352E-85
32.6	2.98616158769768E-41	9.7545408470416E-85
32.7	1.25607127337774E-41	3.37754059998143E-84
32.8	5.26233005947084E-42	1.16481551529224E-83
32.9	2.19586029954117E-42	4.0010735735877E-83
33	9.12628762172732E-43	1.36885910868267E-82
33.1	3.77786486208996E-43	4.66448590433533E-82
33.2	1.55761997427347E-43	1.58311200377474E-81
33.3	6.39645603037405E-44	5.35158368246294E-81
33.4	2.61625548617723E-44	1.80183833242059E-80
33.5	1.06581961181432E-44	6.04243719414705E-80
33.6	4.32464123168713E-45	2.01823294028233E-79
33.7	1.74774989220241E-45	6.7141842882115E-79
33.8	7.03511669163666E-46	2.22473376779522E-78
33.9	2.82050029200133E-46	7.34219066291541E-78
34	1.12627336743605E-46	2.41343769490933E-77
34.1	4.47944596709461E-47	7.90149641014763E-77
34.2	1.77446571276035E-47	2.57659063967285E-76
34.3	7.00122030896817E-48	8.36843648814501E-76
34.4	2.7513300896561E-48	2.707110891606E-75
34.5	1.07689776043962E-48	8.72229136443477E-75
34.6	4.19825749352713E-49	2.79909704588424E-74
34.7	1.63014595981461E-49	8.94680854514118E-74
34.8	6.30444316878954E-50	2.84826998900078E-73
34.9	2.42845353570781E-50	9.03143968761685E-73
35	9.31699118824689E-51	2.85230287857232E-72
35.1	3.56028195544829E-51	8.97216220547658E-72
35.2	1.35505188172732E-51	2.81100368424758E-71
35.3	5.13677184112936E-52	8.77179624653934E-71
35.4	1.93948958063158E-52	2.72633034663247E-70
35.5	7.29369246444054E-53	8.43978225904031E-70
35.6	2.73193439720573E-53	2.60223688775245E-69
35.7	1.01919176780057E-53	7.99144357831179E-69
35.8	3.78707904596271E-54	2.44436731750618E-68
35.9	1.40157278186294E-54	7.44681425080178E-68
36	5.16642063283787E-55	2.25963033337243E-67
36.1	1.89682249410141E-55	6.82915693647134E-67
36.2	6.93627722489394E-56	2.05569941424385E-66
36.3	2.52632381287624E-56	6.16332335414056E-66
36.4	9.16461892143932E-57	1.84048853514889E-65
36.5	3.31133125594765E-57	5.47411733094318E-65
36.6	1.19166358404671E-57	1.62165292253079E-64
36.7	4.27137330938147E-58	4.78480825316849E-64
36.8	1.5249100026385E-58	1.40615757255133E-63
36.9	5.42230220669441E-59	4.11591373223193E-63
37	1.92037501378835E-59	1.19994505186229E-62
37.1	6.77409365287148E-60	3.48432997356087E-62
37.2	2.38001211889402E-60	1.00772032181824E-61
37.3	8.32856083743119E-61	2.90284320622051E-61
37.4	2.90284320622068E-61	8.32856083743069E-61
37.5	1.00772032181824E-61	2.38001211889402E-60
37.6	3.48432997356087E-62	6.77409365287148E-60
37.7	1.19994505186229E-62	1.92037501378835E-59
37.8	4.11591373223225E-63	5.42230220669399E-59
37.9	1.40615757255144E-63	1.52491000263841E-58
38	4.78480825316849E-64	4.27137330938147E-58
38.1	1.62165292253079E-64	1.19166358404671E-57
38.2	5.47411733094318E-65	3.31133125594765E-57
38.3	1.84048853514907E-65	9.16461892143842E-57
38.4	6.16332335414117E-66	2.52632381287604E-56
38.5	2.05569941424385E-66	6.93627722489394E-56
38.6	6.82915693647134E-67	1.89682249410141E-55
38.7	2.25963033337243E-67	5.16642063283787E-55
38.8	7.44681425080251E-68	1.40157278186283E-54
38.9	2.44436731750638E-68	3.78707904596241E-54
39	7.99144357831179E-69	1.01919176780057E-53
39.1	2.60223688775245E-69	2.73193439720573E-53
39.2	8.43978225904031E-70	7.29369246444054E-53
39.3	2.72633034663274E-70	1.93948958063143E-52
39.4	8.77179624654003E-71	5.13677184112906E-52
39.5	2.81100368424758E-71	1.35505188172732E-51
39.6	8.97216220547658E-72	3.56028195544829E-51
39.7	2.85230287857232E-72	9.31699118824689E-51
39.8	9.03143968761757E-73	2.42845353570771E-50
39.9	2.84826998900112E-73	6.30444316878917E-50
40	8.94680854514118E-74	1.63014595981461E-49
40.1	2.79909704588424E-74	4.19825749352713E-49
40.2	8.72229136443477E-75	1.07689776043962E-48
40.3	2.70711089160616E-75	2.75133008965594E-48
40.4	8.36843648814567E-76	7.00122030896762E-48
40.5	2.57659063967285E-76	1.77446571276035E-47
40.6	7.90149641014763E-77	4.47944596709461E-47
40.7	2.41343769490933E-77	1.12627336743605E-46
40.8	7.34219066291599E-78	2.82050029200117E-46
40.9	2.22473376779548E-78	7.03511669163638E-46
41	6.7141842882115E-79	1.74774989220241E-45
41.1	2.01823294028233E-79	4.32464123168713E-45
41.2	6.04243719414705E-80	1.06581961181432E-44
41.3	1.80183833242073E-80	2.61625548617702E-44
41.4	5.35158368246357E-81	6.39645603037355E-44
41.5	1.58311200377474E-81	1.55761997427347E-43
41.6	4.66448590433533E-82	3.77786486208996E-43
41.7	1.36885910868267E-82	9.12628762172732E-43
41.8	4.00107357358802E-83	2.19586029954104E-42
41.9	1.16481551529234E-83	5.26233005947053E-42
42	3.37754059998143E-84	1.25607127337774E-41
42.1	9.7545408470416E-85	2.98616158769768E-41
42.2	2.80592402244352E-85	7.07090737145261E-41
42.3	8.03910692055363E-86	1.66763043854245E-40
42.4	2.29404812582786E-86	3.91730422592468E-40
42.5	6.5201872215111E-87	9.16510850022115E-40
42.6	1.84578210068604E-87	2.13575160975425E-39
42.7	5.20431549074786E-88	4.95708876940916E-39
42.8	1.46153635951319E-88	1.14594948025496E-38
42.9	4.08807122816919E-89	2.63856058041831E-38
43	1.13891183570605E-89	6.05106042639572E-38
43.1	3.1602728520734E-90	1.38216131014357E-37
43.2	8.73417474633413E-91	3.14447970476528E-37
43.3	2.40426312206621E-91	7.12527584704215E-37
43.4	6.59181386330246E-92	1.60811606485092E-36
43.5	1.80007540456952E-92	3.61489694568116E-36
43.6	4.89597602550325E-93	8.09351681340383E-36
43.7	1.32632723973371E-93	1.80485138784541E-35
43.8	3.57869690609513E-94	4.0087451204175E-35
43.9	9.61749498726467E-95	8.86825684793597E-35
44	2.57431591420515E-95	1.95402854458622E-34
44.1	6.86316652243358E-96	4.28831191201229E-34
44.2	1.82242663223347E-96	9.37356189101069E-34
44.3	4.81990404613003E-97	2.04073098326612E-33
44.4	1.26966618621736E-97	4.42516722543007E-33
44.5	3.33122169943408E-98	9.55732684083899E-33
44.6	8.70523184500952E-99	2.0559190532067E-32
44.7	2.26579163684162E-99	4.40492386649384E-32
44.8	5.87384414504154E-100	9.40012489424429E-32
44.9	1.51665810527409E-100	1.99798242285018E-31
45	3.90045960020474E-101	4.22972882236574E-31
45.1	9.99094802337366E-102	8.91859018253702E-31
45.2	2.54894484023344E-102	1.87302128931218E-30
45.3	6.47704623419561E-103	3.91788822222589E-30
45.4	1.63929222471439E-103	8.16251873474485E-30
45.5	4.132364128393E-104	1.69378843362459E-29
45.6	1.03753703760379E-104	3.50071662251576E-29
45.7	2.59460623280749E-105	7.20638686090139E-29
45.8	6.46252337835807E-106	1.47754600051423E-28
45.9	1.60322921932441E-106	3.01736098650557E-28
46	3.96142952134171E-107	6.13728587073418E-28
46.1	9.74924692296925E-108	1.24333528021035E-27
46.2	2.38975307177501E-108	2.50878233727044E-27
46.3	5.83442160869203E-109	5.04197318708569E-27
46.4	1.41874848776005E-109	1.00925498277468E-26
46.5	3.43617945055215E-110	2.01216733616085E-26
46.6	8.28913252335028E-111	3.99567456725955E-26
46.7	1.99161391446778E-111	7.90276278412765E-26
46.8	4.76610979396992E-112	1.55679204851097E-25
46.9	1.13601942012482E-112	3.05453485736922E-25
47	2.69693382767714E-113	5.96928601545431E-25
47.1	6.37701807236765E-114	1.16188331018208E-24
47.2	1.50185438512371E-114	2.25250342685865E-24
47.3	3.52290415793439E-115	4.34941882121807E-24
47.4	8.2306977082383E-116	8.36488203273582E-24
47.5	1.91529333281946E-116	1.60232730635902E-23
47.6	4.43911876459864E-117	3.0570706051478E-23
47.7	1.02475737812511E-117	5.80928290433269E-23
47.8	2.35617837364112E-118	1.09951815823444E-22
47.9	5.39582802113696E-119	2.07274133147663E-22
48	1.23075286350968E-119	3.89180105205903E-22
48.1	2.79605965305558E-120	7.27811606085535E-22
48.2	6.3268105858354E-121	1.35565801024476E-21
48.3	1.42589010282491E-121	2.51503558579967E-21
48.4	3.20073779853829E-122	4.64730254242997E-21
48.5	7.15610929171141E-123	8.55304151872594E-21
48.6	1.59355351603426E-123	1.56784467840318E-20
48.7	3.53442819606384E-124	2.86251858054938E-20
48.8	7.80790454891567E-125	5.20542764898874E-20
48.9	1.71795842609473E-125	9.42816852518659E-20
49	3.76490156911876E-126	1.70083067978555E-19
49.1	8.21783514678684E-127	3.05603024104999E-19
49.2	1.78658648970708E-127	5.46911475461802E-19
49.3	3.86859697766542E-128	9.74853255874259E-19
49.4	8.34345163810278E-129	1.73070990472749E-18
49.5	1.79225928832577E-129	3.06035730011967E-18
49.6	3.83458835174438E-130	5.38992609806523E-18
49.7	8.17145662308777E-131	9.45488627388655E-18
49.8	1.73437511146372E-131	1.65193376570935E-17
49.9	3.66648073868812E-132	2.87469499779679E-17
50	7.7200231922382E-133	4.98257378037959E-17
50.1	1.61901407485792E-133	8.60158579388606E-17
50.2	3.38178088977225E-134	1.47899305489271E-16
50.3	7.03563221904231E-135	2.53289137939914E-16
50.4	1.45788616469311E-135	4.32045831431221E-16
50.5	3.0088942341316E-136	7.34016621822469E-16
50.6	6.18519009481298E-137	1.24206633872965E-15
50.7	1.26637405248914E-137	2.0933724855194E-15
50.8	2.58246103338206E-138	3.51407521848721E-15
50.9	5.24527633655908E-139	5.87541323195472E-15
51	1.06112315374634E-139	9.7842739218428E-15
51.1	2.1380902395371E-140	1.62286207258359E-14
51.2	4.29090691270372E-141	2.6810038677818E-14
51.3	8.57699144998983E-142	4.41139648199928E-14
51.4	1.70759031665964E-142	7.22965488958003E-14
51.5	3.38606438349769E-143	1.18010829409413E-13
51.6	6.68758880336991E-144	1.91862006006723E-13
51.7	1.31554810824674E-144	3.10684023754345E-13
51.8	2.57754780592279E-145	5.01085324471633E-13
51.9	5.03001807291812E-146	8.04946966328155E-13
52	9.77676517493501E-147	1.28791047197299E-12
52.1	1.89270811792508E-147	2.05242314267039E-12
52.2	3.64951310614139E-148	3.25769899343511E-12
52.3	7.00888658544746E-149	5.15012566798555E-12
52.4	1.34068255826001E-149	8.1093775635548E-12
52.5	2.55426356468068E-150	1.27180356496636E-11
52.6	4.84694709643546E-151	1.98662262379856E-11
52.7	9.16080571613812E-152	3.09081874840834E-11
52.8	1.72449479494988E-152	4.78954790047764E-11
52.9	3.23335154108579E-153	7.39227859934498E-11
53	6.03819013839621E-154	1.1363835893008E-10
53.1	1.1231130303898E-154	1.73994052209897E-10
53.2	2.08066886987876E-155	2.65342412864281E-10
53.3	3.83924029457071E-156	4.03034076695321E-10
53.4	7.05586792251683E-157	6.09732975305793E-10
53.5	1.29157137867185E-157	9.18756491360548E-10
53.6	2.3547738498255E-158	1.3788720873213E-9
53.7	4.27605042669687E-159	2.06115362243856E-9
53.8	7.73391249695381E-160	3.06873626548934E-9
53.9	1.39321618843387E-160	4.55063069183228E-9
54	2.4997731107144E-161	6.72119413188919E-9
54.1	4.467303867581E-162	9.88744565699224E-9
54.2	7.95157607964484E-163	1.44872048677205E-8
54.3	1.40969047361053E-163	2.11420899298007E-8
54.4	2.4891847594481E-164	3.07308131512652E-8
54.5	4.3777738598869E-165	4.44900619358378E-8
54.6	7.66853380207801E-166	6.41526780544058E-8
54.7	1.33793239966654E-166	9.21360083456613E-8
54.8	2.32497789160183E-167	1.31797392346715E-7
54.9	4.02407722211483E-168	1.87779018310508E-7
55	6.9370784689478E-169	2.66471111191141E-7
55.1	1.19110412846569E-169	3.76630965597405E-7
55.2	2.03697488749537E-170	5.30206120182429E-7
55.3	3.46964020749425E-171	7.43423476261158E-7
55.4	5.88634931600386E-172	1.03822295854485E-6
55.5	9.94650355562534E-173	1.44413504557526E-6
55.6	1.67400856404287E-173	2.00072688686778E-6
55.7	2.80612963818449E-174	2.7607725720372E-6
55.8	4.68511880499035E-175	3.79434028565602E-6
55.9	7.79105567159508E-176	5.19403347400279E-6
56	1.29043112369189E-176	7.08167568209864E-6
56.1	2.12880642742052E-177	9.61679027700046E-6
56.2	3.49784321036422E-178	1.30072976540676E-5
56.3	5.72436511263394E-179	1.7522934363135E-5
56.4	9.33076251672162E-180	2.35119912734675E-5
56.5	1.51485047682897E-180	3.14220714360771E-5
56.6	2.44954387051114E-181	4.18256822169609E-5
56.7	3.94514979693366E-182	5.5451599432177E-5
56.8	6.32855554333658E-183	7.32230716633562E-5
56.9	1.01113353954724E-183	9.63040677170335E-5
57	1.60907118839154E-184	1.26154905170322E-4
57.1	2.55037958230543E-185	1.64598727601044E-4
57.2	4.02621728777428E-186	2.13900415367662E-4
57.3	6.33070997292635E-187	2.76859610930209E-4
57.4	9.91449158084694E-188	3.5691960415178E-4
57.5	1.546504902007E-188	4.58293843445015E-4
57.6	2.4026747017661E-189	5.86111800938637E-4
57.7	3.71793225705613E-190	7.4658580837668E-4
57.8	5.73021333838137E-191	9.47200278320098E-4
57.9	8.79635872723231E-192	0.00119692441471687
58	1.34492446934583E-192	0.00150644908024749
58.1	2.04812132849304E-193	0.00188844790797897
58.2	3.10653525997917E-194	0.00235786200649023
58.3	4.69309900939088E-195	0.00293220669850155
58.4	7.06164640975825E-196	0.00363189764530114
58.5	1.05831521816225E-196	0.00448059244101659
58.6	1.57974480761594E-197	0.00550554231769633
58.7	2.34866812652782E-198	0.00673794699908547
58.8	3.47791684160724E-199	0.00821330400344848
58.9	5.129553399725E-200	0.00997174186137638
59	7.53533802560777E-201	0.0120583248338114
59.1	1.10252575852031E-201	0.0145233148527069
59.2	1.6067102808725E-202	0.0174223746394935
59.3	2.33211102753767E-203	0.0208166943753057
59.4	3.37150411860272E-204	0.024773023003314
59.5	4.85468425095315E-205	0.0293635843476992
59.6	6.96243421526914E-206	0.0346658578510764
59.7	9.94544094582942E-207	0.0407622039783662
59.8	1.41497837708661E-207	0.0477393153212406
59.9	2.00511084347973E-208	0.0556874762632696
60	2.83002185928849E-209	0.0646996168137852
60.1	3.97835942184456E-210	0.0748701499452596
60.2	5.57033180255278E-211	0.0862935864993705
60.3	7.76820961258782E-212	0.0990629274467466
60.4	1.07900542572384E-212	0.113267839935589
60.5	1.49275709250017E-213	0.128992631036519
60.6	2.05692037518419E-214	0.146314041224635
60.7	2.82298544591538E-215	0.165298888221587
60.8	3.85889196555974E-216	0.186001600586908
60.9	5.25387121786642E-217	0.208461689089631
61	7.12457640674136E-218	0.23270121206157
61.1	9.62280079943401E-219	0.25872229825964
61.2	1.29451403955835E-219	0.28650479686019
61.3	1.73450220500617E-220	0.316004128691861
61.4	2.31475893804955E-221	0.347149415324509
61.5	3.07680168862757E-222	0.379841962851378
61.6	4.07339065611463E-223	0.413954174871274
61.7	5.37125093760064E-224	0.449328964117222
61.8	7.0543604110923E-225	0.485779724303883
61.9	9.22789550588296E-226	0.523090913102499
62	1.20229354084763E-226	0.561019283842169
62.1	1.56020326312482E-227	0.599295787845538
62.2	2.0165763608784E-228	0.637628151621773
62.3	2.59603763395164E-229	0.675704113960624
62.4	3.32866521942978E-230	0.713195287898281
62.5	4.25100948929638E-231	0.74976159223904
62.6	5.4072550229441E-232	0.785056177551829
62.7	6.85053442591474E-233	0.818730753077982
62.8	8.6444004163144E-234	0.850441204540231
62.9	1.08644593698819E-234	0.879853379144643
63	1.36001652934033E-235	0.90664890375392
63.1	1.69567678884718E-236	0.930530895811205
63.2	2.10574019012407E-237	0.951229424500714
63.3	2.60452972892198E-238	0.968506582079197
63.4	3.20860808774256E-239	0.9821610323583
63.5	3.93701301814253E-240	0.99203191483706
63.6	4.81149290665439E-241	0.998001998667333
63.7	5.85673630886852E-242	1
63.8	7.10058800023832E-243	0.998001998667333
63.9	8.57424283945065E-244	0.992031914837061
64	1.03124075166816E-244	0.982161032358301
64.1	1.23534191194563E-245	0.968506582079199
64.2	1.47393084562246E-246	0.951229424500714
64.3	1.75157953019365E-247	0.930530895811207
64.4	2.07322022455808E-248	0.90664890375392
64.5	2.44412737044324E-249	0.879853379144645
64.6	2.86988869994206E-250	0.850441204540236
64.7	3.35636432330764E-251	0.818730753077982
64.8	3.90963271381553E-252	0.785056177551831
64.9	4.53592271206286E-253	0.74976159223904
65	5.24153094369071E-254	0.713195287898283
65.1	6.03272438279759E-255	0.675704113960629
65.2	6.91562819652972E-256	0.637628151621773
65.3	7.89609946921172E-257	0.599295787845541
65.4	8.97958791859907E-258	0.561019283842169
65.5	1.01709852705152E-258	0.523090913102502
65.6	1.14744655356969E-259	0.485779724303888
65.7	1.28933190156676E-260	0.449328964117222
65.8	1.44297834311962E-261	0.413954174871276
65.9	1.60848760935868E-262	0.379841962851378
66	1.78582315007022E-263	0.347149415324511
66.1	1.97479491099751E-264	0.316004128691865
66.2	2.17504562954544E-265	0.28650479686019
66.3	2.38603916112018E-266	0.258722298259642
66.4	2.60705134395957E-267	0.23270121206157
66.5	2.83716388851417E-268	0.208461689089632
66.6	3.07526173711912E-269	0.186001600586911
66.7	3.32003428071719E-270	0.165298888221587
66.8	3.5699807420256E-271	0.146314041224636
66.9	3.82341994010551E-272	0.128992631036519
67	4.07850454188517E-273	0.11326783993559
67.1	4.3332397845023E-274	0.0990629274467484
67.2	4.58550652217025E-275	0.0862935864993705
67.3	4.83308831660244E-276	0.0748701499452603
67.4	5.07370215567413E-277	0.0646996168137852
67.5	5.30503225597664E-278	0.0556874762632702
67.6	5.52476628603464E-279	0.0477393153212416
67.7	5.73063324357108E-280	0.0407622039783662
67.8	5.92044213650114E-281	0.0346658578510768
67.9	6.09212055753433E-282	0.0293635843476992
68	6.24375220966482E-283	0.0247730230033143
68.1	6.37361243634013E-284	0.0208166943753062
68.2	6.48020083735579E-285	0.0174223746394935
68.3	6.5622701090169E-286	0.0145233148527071
68.4	6.618850333885E-287	0.0120583248338114
68.5	6.64926805893987E-288	0.00997174186137651
68.6	6.65315963745382E-289	0.00821330400344871
68.7	0	0.00673794699908547
68.8	0	0.00550554231769641
68.9	0	0.00448059244101659
69	0	0.0036318976453012
69.1	0	0.00293220669850164
69.2	0	0.00235786200649023
69.3	0	0.001888447907979
69.4	0	0.00150644908024749
69.5	0	0.00119692441471689
69.6	0	9.4720027832013E-4
69.7	0	7.4658580837668E-4
69.8	0	5.86111800938647E-4
69.9	0	4.58293843445015E-4
70	0	3.56919604151787E-4
70.1	0	2.76859610930218E-4
70.2	0	2.13900415367662E-4
70.3	0	1.64598727601047E-4
70.4	0	1.26154905170322E-4
70.5	0	9.63040677170354E-5
70.6	0	7.32230716633591E-5
70.7	0	5.5451599432177E-5
70.8	0	4.18256822169618E-5
70.9	0	3.14220714360771E-5
71	0	2.3511991273468E-5
71.1	0	1.75229343631357E-5
71.2	0	1.30072976540676E-5
71.3	0	9.61679027700067E-6
71.4	0	7.08167568209864E-6
71.5	0	5.1940334740029E-6
71.6	0	3.79434028565618E-6
71.7	0	2.7607725720372E-6
71.8	0	2.00072688686783E-6
71.9	0	1.44413504557526E-6
72	0	1.03822295854487E-6
72.1	0	7.43423476261194E-7
72.2	0	5.30206120182429E-7
72.3	0	3.76630965597413E-7
72.4	0	2.66471111191141E-7
72.5	0	1.87779018310512E-7
72.6	0	1.31797392346721E-7
72.7	0	9.21360083456613E-8
72.8	0	6.41526780544077E-8
72.9	0	4.44900619358378E-8
73	0	3.0730813151266E-8
73.1	0	2.11420899298018E-8
73.2	0	1.44872048677205E-8
73.3	0	9.88744565699249E-9
73.4	0	6.72119413188919E-9
73.5	0	4.55063069183239E-9
73.6	0	3.06873626548951E-9
73.7	0	2.06115362243856E-9
73.8	0	1.37887208732134E-9
73.9	0	9.18756491360548E-10
74	0	6.0973297530581E-10
74.1	0	4.03034076695345E-10
74.2	0	2.65342412864281E-10
74.3	0	1.73994052209902E-10
74.4	0	1.1363835893008E-10
74.5	0	7.39227859934516E-11
74.6	0	4.78954790047795E-11
74.7	0	3.09081874840834E-11
74.8	0	1.98662262379863E-11
74.9	0	1.27180356496636E-11
75	0	8.109377563555E-12
75.1	0	5.15012566798588E-12
75.2	0	3.25769899343511E-12
75.3	0	2.05242314267046E-12
75.4	0	1.28791047197299E-12
75.5	0	8.04946966328187E-13
75.6	0	5.01085324471668E-13
75.7	0	3.10684023754345E-13
75.8	0	1.91862006006729E-13
75.9	0	1.18010829409413E-13
76	0	7.22965488958028E-14
76.1	0	4.41139648199958E-14
76.2	0	2.6810038677818E-14
76.3	0	1.62286207258366E-14
76.4	0	9.7842739218428E-15
76.5	0	5.87541323195495E-15
76.6	0	3.51407521848747E-15
76.7	0	2.0933724855194E-15
76.8	0	1.2420663387297E-15
76.9	0	7.34016621822469E-16
77	0	4.32045831431236E-16
77.1	0	2.53289137939931E-16
77.2	0	1.47899305489271E-16
77.3	0	8.60158579388636E-17
77.4	0	4.98257378037959E-17
77.5	0	2.8746949977969E-17
77.6	0	1.65193376570948E-17
77.7	0	9.45488627388655E-18
77.8	0	5.38992609806546E-18
77.9	0	3.06035730011967E-18
78	0	1.73070990472757E-18
78.1	0	9.74853255874336E-19
78.2	0	5.46911475461802E-19
78.3	0	3.05603024105014E-19
78.4	0	1.70083067978555E-19
78.5	0	9.42816852518706E-20
78.6	0	5.2054276489892E-20
78.7	0	2.86251858054938E-20
78.8	0	1.56784467840326E-20
78.9	0	8.55304151872594E-21
79	0	4.64730254243016E-21
79.1	0	2.5150355857999E-21
79.2	0	1.35565801024476E-21
79.3	0	7.2781160608557E-22
79.4	0	3.89180105205903E-22
79.5	0	2.07274133147674E-22
79.6	0	1.09951815823453E-22
79.7	0	5.80928290433269E-23
79.8	0	3.05707060514792E-23
79.9	0	1.60232730635902E-23
80	0	8.36488203273615E-24
80.1	0	4.34941882121854E-24
80.2	0	2.25250342685865E-24
80.3	0	1.16188331018213E-24
80.4	0	5.96928601545431E-25
80.5	0	3.05453485736934E-25
80.6	0	1.55679204851111E-25
80.7	0	7.90276278412765E-26
80.8	0	3.99567456725975E-26
80.9	0	2.01216733616085E-26
81	0	1.00925498277471E-26
81.1	0	5.04197318708619E-27
81.2	0	2.50878233727044E-27
81.3	0	1.24333528021041E-27
81.4	0	6.13728587073418E-28
81.5	0	3.01736098650572E-28
81.6	0	1.47754600051437E-28
81.7	0	7.20638686090139E-29
81.8	0	3.50071662251593E-29
81.9	0	1.69378843362459E-29
82	0	8.16251873474526E-30
82.1	0	3.91788822222631E-30
82.2	0	1.87302128931218E-30
82.3	0	8.91859018253737E-31
82.4	0	4.22972882236574E-31
82.5	0	1.9979824228503E-31
82.6	0	9.40012489424522E-32
82.7	0	4.40492386649384E-32
82.8	0	2.05591905320682E-32
82.9	0	9.55732684083899E-33
83	0	4.42516722543033E-33
83.1	0	2.04073098326634E-33
83.2	0	9.37356189101069E-34
83.3	0	4.2883119120125E-34
83.4	0	1.95402854458622E-34
83.5	0	8.86825684793649E-35
83.6	0	4.00874512041794E-35
83.7	0	1.80485138784541E-35
83.8	0	8.09351681340431E-36
83.9	0	3.61489694568116E-36
84	0	1.60811606485101E-36
84.1	0	7.12527584704306E-37
84.2	0	3.14447970476528E-37
84.3	0	1.38216131014364E-37
84.4	0	6.05106042639572E-38
84.5	0	2.63856058041844E-38
84.6	0	1.1459494802551E-38
84.7	0	4.95708876940916E-39
84.8	0	2.13575160975433E-39
84.9	0	9.16510850022115E-40
85	0	3.91730422592491E-40
85.1	0	1.66763043854268E-40
85.2	0	7.07090737145261E-41
85.3	0	2.9861615876978E-41
85.4	0	1.25607127337774E-41
85.5	0	5.26233005947084E-42
85.6	0	2.1958602995413E-42
85.7	0	9.12628762172732E-43
85.8	0	3.77786486209025E-43
85.9	0	1.55761997427347E-43
86	0	6.39645603037405E-44
86.1	0	2.61625548617738E-44
86.2	0	1.06581961181432E-44
86.3	0	4.3246412316873E-45
86.4	0	1.74774989220241E-45
86.5	0	7.03511669163666E-46
86.6	0	2.82050029200155E-46
86.7	0	1.12627336743605E-46
86.8	0	4.47944596709487E-47
86.9	0	1.77446571276035E-47
87	0	7.00122030896817E-48
87.1	0	2.75133008965632E-48
87.2	0	1.07689776043962E-48
87.3	0	4.19825749352746E-49
87.4	0	1.63014595981461E-49
87.5	0	6.30444316878954E-50
87.6	0	2.428453535708E-50
87.7	0	9.31699118824689E-51
87.8	0	3.5602819554485E-51
87.9	0	1.35505188172732E-51
88	0	5.13677184112936E-52
88.1	0	1.93948958063169E-52
88.2	0	7.29369246444054E-53
88.3	0	2.73193439720589E-53
88.4	0	1.01919176780057E-53
88.5	0	3.78707904596271E-54
88.6	0	1.40157278186305E-54
88.7	0	5.16642063283787E-55
88.8	0	1.89682249410155E-55
88.9	0	6.93627722489394E-56
89	0	2.52632381287624E-56
89.1	0	9.16461892144005E-57
89.2	0	3.31133125594765E-57
89.3	0	1.19166358404683E-57
89.4	0	4.27137330938147E-58
89.5	0	1.5249100026385E-58
89.6	0	5.42230220669495E-59
89.7	0	1.92037501378835E-59
89.8	0	6.77409365287214E-60
89.9	0	2.38001211889402E-60
90	0	8.32856083743119E-61
90.1	0	2.90284320622091E-61
90.2	0	1.00772032181824E-61
90.3	0	3.48432997356108E-62
90.4	0	1.19994505186229E-62
90.5	0	4.11591373223225E-63
90.6	0	1.40615757255152E-63
90.7	0	4.78480825316849E-64
90.8	0	1.62165292253089E-64
90.9	0	5.47411733094318E-65
91	0	1.84048853514907E-65
91.1	0	6.16332335414166E-66
91.2	0	2.05569941424385E-66
91.3	0	6.82915693647215E-67
91.4	0	2.25963033337243E-67
91.5	0	7.44681425080251E-68
91.6	0	2.44436731750662E-68
91.7	0	7.99144357831179E-69
91.8	0	2.6022368877527E-69
91.9	0	8.43978225904031E-70
92	0	2.72633034663274E-70
92.1	0	8.77179624654072E-71
92.2	0	2.81100368424758E-71
92.3	0	8.97216220547728E-72
92.4	0	2.85230287857232E-72
92.5	0	9.03143968761757E-73
92.6	0	2.84826998900134E-73
92.7	0	8.94680854514118E-74
92.8	0	2.79909704588446E-74
92.9	0	8.72229136443477E-75
93	0	2.70711089160616E-75
93.1	0	8.36843648814633E-76
93.2	0	2.57659063967285E-76
93.3	0	7.90149641014856E-77
93.4	0	2.41343769490933E-77
93.5	0	7.34219066291599E-78
93.6	0	2.22473376779557E-78
93.7	0	6.7141842882115E-79
93.8	0	2.01823294028249E-79
93.9	0	6.04243719414705E-80
94	0	1.80183833242073E-80
94.1	0	5.35158368246378E-81
94.2	0	1.58311200377474E-81
94.3	0	4.6644859043357E-82
94.4	0	1.36885910868267E-82
94.5	0	4.00107357358802E-83
94.6	0	1.16481551529247E-83
94.7	0	3.37754059998143E-84
94.8	0	9.75454084704198E-85
94.9	0	2.80592402244352E-85
95	0	8.03910692055363E-86
95.1	0	2.29404812582813E-86
95.2	0	6.5201872215111E-87
95.3	0	1.84578210068626E-87
95.4	0	5.20431549074786E-88
95.5	0	1.46153635951319E-88
95.6	0	4.08807122816967E-89
95.7	0	1.13891183570605E-89
95.8	0	3.16027285207365E-90
95.9	0	8.73417474633413E-91
96	0	2.40426312206621E-91
96.1	0	6.59181386330298E-92
96.2	0	1.80007540456952E-92
96.3	0	4.89597602550364E-93
96.4	0	1.32632723973371E-93
96.5	0	3.57869690609513E-94
96.6	0	9.61749498726543E-95
96.7	0	2.57431591420515E-95
96.8	0	6.86316652243412E-96
96.9	0	1.82242663223347E-96
97	0	4.81990404613003E-97
97.1	0	1.26966618621746E-97
97.2	0	3.33122169943408E-98
97.3	0	8.7052318450102E-99
97.4	0	2.26579163684162E-99
97.5	0	5.87384414504154E-100
97.6	0	1.51665810527427E-100
97.7	0	3.90045960020474E-101
97.8	0	9.99094802337484E-102
97.9	0	2.54894484023344E-102
98	0	6.47704623419561E-103
98.1	0	1.63929222471452E-103
98.2	0	4.132364128393E-104
98.3	0	1.03753703760387E-104
98.4	0	2.59460623280749E-105
98.5	0	6.46252337835807E-106
98.6	0	1.60322921932466E-106
98.7	0	3.96142952134171E-107
98.8	0	9.74924692297078E-108
98.9	0	2.38975307177501E-108
99	0	5.83442160869203E-109
99.1	0	1.41874848776016E-109
99.2	0	3.43617945055215E-110
99.3	0	8.28913252335126E-111
99.4	0	1.99161391446778E-111
99.5	0	4.76610979396992E-112
99.6	0	1.13601942012499E-112
99.7	0	2.69693382767714E-113
99.8	0	6.37701807236791E-114
99.9	0	1.50185438512371E-114
100	0	3.52290415793439E-115